%% Mediterranean 
ub_of_compositions = [104-ala,64-arg,16-asn,16-asp,1000-bicarbonate,1000-biotin,1000-calcium,...
    1000-chloride,16-cys,23-gln,23-glu,1000-glucose,0-glutathione,108-gly,...
    24-his,55-ile,94-leu,74-lys,1000-magnesium,23-met,1000-pantothenate,...
    43-phe,1000-potassium,71-pro,1000-pyridoxine,1000-riboflavin,73-ser,57-thr,...
    11-trp,32-tyr,74-val,1000-water,1000-oxygen]'; 

ub_of_compositions = [104,64,16,16,1000,1000,1000,...
    1000,16,23,23,1000,0,108,...
    24,55,94,74,1000,23,1000,...
    43,1000,71,1000,1000,73,57,...
    11,32,74,1000,1000]'; 

%% Japanese
ub_of_compositions = [98,59,15,15,1000,1000,1000,...
    1000,18,24,24,1000,0,107,...
    28,53,97,73,1000,24,1000,...
    44,1000,80,1000,1000,69,54,...
    11,31,72,1000,1000]'; 

%% Vegetarian
ub_of_compositions = [102,56,14,14,1000,1000,1000,...
    1000,15,22,22,1000,0,127,...
    22,52,88,63,1000,20,1000,...
    44,1000,100,1000,1000,75,51,...
    10,29,75,1000,1000]'; 

%% Plant-based
ub_of_compositions = [108,66,15,15,1000,1000,1000,...
    1000,15,23,23,1000,0,149,...
    21,48,81,56,1000,15,1000,...
    43,1000,98,1000,1000,68,50,...
    9,26,71,1000,1000]'; 

%% DASH
ub_of_compositions = [99,60,15,15,1000,1000,1000,...
    1000,17,23,23,1000,0,105,...
    29,54,97,80,1000,25,1000,...
    42,1000,77,1000,1000,70,55,...
    11,31,71,1000,1000]'; 

%% Paleo
ub_of_compositions = [109,65,15,15,1000,1000,1000,...
    1000,16,20,20,1000,0,113,...
    25,56,96,86,1000,27,1000,...
    40,1000,58,1000,1000,66,59,...
    11,32,71,1000,1000]'; 

%% Ketogenic 
ub_of_compositions = [97,59,12,12,1000,1000,1000,...
    1000,14,22,22,1000,0,120,...
    27,52,93,77,1000,24,1000,...
    42,1000,92,1000,1000,70,53,...
    10,31,70,1000,1000]'; 

%% Atkins
ub_of_compositions = [103,60,13,13,1000,1000,1000,...
    1000,14,20,20,1000,0,131,...
    27,53,92,83,1000,26,1000,...
    41,1000,79,1000,1000,67,52,...
    10,30,66,1000,1000]'; 

%% American
ub_of_compositions = [97,53,13,13,1000,1000,1000,...
    1000,13,22,22,1000,0,129,...
    25,51,91,72,1000,23,1000,...
    42,1000,105,1000,1000,70,50,...
    10,31,69,1000,1000]'; 

%% USDA
ub_of_compositions = [101,63,15,15,1000,1000,1000,...
    1000,17,22,22,1000,0,121,...
    24,50,89,68,1000,21,1000,...
    43,1000,93,1000,1000,70,52,...
    10,29,74,1000,1000]'; 

